12 : [2820,2886],
14 : [9810,9931],
15 : [21955,22031],
24 : [10303,10364],
29 : [8189,8319],
33 : [10011,10077],
36 : [12771,12943],
41 : [13556,13577],
44 : [17353,17494],
45 : [7223,7352],
66 : [6389,6588],
67 : [3262,3324],
70 : [21153,21220],
72 : [3899,3947],
79 : [14333,14370],
80 : [14025,14138],
84 : [13899,13990],
108 : [11459,11570],
109 : [2885,3043],
111 : [4102,4207],
120 : [11602,11665],
131 : [9754,9811],
143 : [12318,12405],
145 : [2638,2754],
163 : [11959,12015],
195 : [12629,12772],
205 : [19263,19306],
218 : [4279,4345],
220 : [2608,2639],
225 : [4242,4280],
229 : [13489,13531],
230 : [26871,27034],
231 : [11408,11460],
233 : [13989,14007],
234 : [6587,6648],
250 : [872,879],
255 : [17493,17544],
273 : [795,868],
277 : [21070,21110],
279 : [13530,13544],
280 : [21109,21154],
295 : [25464,25565],
296 : [19165,19188],
297 : [20925,20998],
306 : [19091,19131],
311 : [25664,25697],
318 : [22030,22080],
322 : [21045,21071],
327 : [14016,14026],
328 : [26659,26763],
331 : [19331,19490],
341 : [24518,24574],
375 : [27033,27053],
376 : [27430,27542],
1 : [14542,14613],
2 : [21594,21635],
3 : [145,168],
4 : [1659,1707],
5 : [1960,1998],
6 : [3129,3161],
7 : [15982,16013],
8 : [9336,9356],
9 : [5209,5252],
10 : [3972,4007],
11 : [3711,3730],
13 : [13690,13763],
16 : [13015,13054],
17 : [4006,4019],
18 : [2183,2308],
19 : [16735,16758],
20 : [14249,14272],
21 : [23649,23688],
22 : [14740,14786],
23 : [137,146],
25 : [7592,7623],
26 : [14287,14334],
27 : [1189,1236],
28 : [1497,1525],
30 : [98,131],
31 : [61,82],
32 : [16092,16137],
34 : [2448,2479],
35 : [15839,15876],
37 : [49,62],
38 : [20245,20269],
39 : [11216,11239],
40 : [1100,1124],
42 : [6082,6108],
43 : [10841,10904],
46 : [10628,10671],
47 : [17834,17866],
48 : [19,48],
49 : [761,784],
50 : [5287,5308],
51 : [16012,16079],
52 : [10944,11031],
53 : [9057,9225],
54 : [19794,19804],
55 : [18017,18069],
56 : [4206,4243],
57 : [16308,16519],
58 : [13197,13347],
59 : [1997,2057],
60 : [8319,8357],
61 : [13092,13198],
62 : [4832,4878],
63 : [11383,11409],
64 : [6166,6224],
65 : [15664,15679],
68 : [351,412],
69 : [15889,15983],
71 : [6685,6775],
73 : [9278,9337],
74 : [3792,3861],
75 : [4684,4720],
76 : [17159,17188],
77 : [1852,1961],
78 : [6963,6976],
81 : [3860,3900],
82 : [1426,1460],
83 : [3534,3672],
85 : [20483,20516],
86 : [2056,2098],
87 : [310,345],
88 : [8611,8620],
89 : [14530,14543],
90 : [18725,18780],
91 : [9367,9426],
92 : [8700,8898],
93 : [1736,1853],
94 : [10796,10842],
95 : [20292,20334],
96 : [16136,16228],
97 : [4918,4955],
98 : [1706,1737],
99 : [8955,8991],
100 : [12072,12179],
101 : [4385,4522],
102 : [10903,10937],
103 : [7183,7224],
104 : [277,311],
105 : [1367,1419],
106 : [20635,20685],
107 : [4891,4919],
110 : [13589,13640],
112 : [6118,6144],
113 : [3096,3130],
114 : [14877,14908],
115 : [236,278],
116 : [21244,21446],
117 : [1459,1498],
118 : [6787,6825],
119 : [16247,16309],
121 : [4344,4383],
122 : [4521,4548],
123 : [18637,18694],
124 : [17087,17119],
125 : [13792,13899],
126 : [21219,21244],
127 : [7668,7713],
128 : [19194,19264],
129 : [3728,3793],
130 : [14785,14870],
132 : [23060,23118],
133 : [24606,24649],
134 : [16757,16803],
135 : [10363,10506],
136 : [17794,17834],
137 : [411,607],
138 : [2492,2609],
139 : [8538,8597],
140 : [167,219],
141 : [20203,20233],
142 : [15209,15422],
144 : [12599,12630],
146 : [5782,5803],
147 : [15719,15748],
148 : [14612,14655],
149 : [12014,12073],
150 : [9997,10012],
151 : [12484,12600],
152 : [9425,9525],
153 : [16621,16736],
154 : [7376,7426],
155 : [3946,3973],
156 : [6824,6873],
157 : [18797,18858],
158 : [4650,4684],
159 : [11759,11912],
160 : [18599,18638],
161 : [1123,1190],
162 : [20268,20293],
164 : [4793,4833],
165 : [24774,24818],
166 : [21634,21669],
167 : [17865,17986],
168 : [15814,15834],
169 : [16228,16239],
170 : [15017,15070],
171 : [13762,13793],
172 : [20684,20768],
173 : [6975,7068],
174 : [11664,11707],
175 : [11717,11760],
176 : [18491,18522],
177 : [18340,18374],
178 : [25850,25855],
179 : [4954,4988],
180 : [15538,15616],
181 : [25564,25665],
182 : [25313,25465],
183 : [7789,7809],
184 : [18521,18561],
185 : [4719,4774],
186 : [9947,9998],
187 : [3679,3701],
188 : [8922,8956],
189 : [1235,1257],
190 : [4582,4608],
191 : [3170,3210],
192 : [16566,16596],
193 : [15140,15199],
194 : [18107,18212],
196 : [5254,5283],
197 : [18215,18330],
198 : [5044,5185],
199 : [12404,12446],
200 : [6647,6686],
201 : [9687,9755],
202 : [7425,7525],
203 : [878,925],
204 : [3472,3530],
206 : [3327,3473],
207 : [14702,14741],
208 : [15069,15122],
209 : [9003,9026],
210 : [17985,18018],
211 : [1326,1368],
212 : [19007,19092],
213 : [19507,19700],
214 : [17723,17750],
215 : [17637,17724],
216 : [19130,19166],
217 : [17187,17270],
219 : [24157,24170],
221 : [8990,9004],
222 : [22847,22888],
223 : [7067,7099],
224 : [20339,20484],
226 : [20767,20848],
227 : [11126,11168],
228 : [22941,22957],
232 : [13425,13488],
235 : [11301,11347],
236 : [11167,11217],
237 : [5834,6011],
238 : [15747,15814],
239 : [10076,10149],
240 : [1256,1317],
241 : [16518,16549],
242 : [15465,15539],
243 : [2097,2138],
244 : [7098,7171],
245 : [22311,22349],
246 : [8619,8692],
247 : [15421,15466],
248 : [218,229],
249 : [7524,7593],
251 : [18560,18600],
252 : [10176,10229],
253 : [10505,10587],
254 : [2149,2184],
256 : [21876,21953],
257 : [7362,7377],
258 : [26125,26180],
259 : [17032,17069],
260 : [16923,17033],
261 : [12445,12478],
262 : [7753,7789],
263 : [7814,7862],
264 : [26179,26213],
265 : [21816,21877],
266 : [22992,23061],
267 : [19936,20005],
268 : [11346,11384],
269 : [18442,18492],
270 : [23255,23320],
271 : [18068,18108],
272 : [16802,16924],
274 : [23501,23555],
275 : [25784,25815],
276 : [13053,13093],
278 : [18693,18726],
281 : [5184,5210],
282 : [10720,10797],
283 : [20890,20926],
284 : [2389,2443],
285 : [3209,3240],
286 : [6010,6050],
287 : [8902,8923],
288 : [4607,4643],
289 : [20143,20193],
290 : [17126,17160],
291 : [25223,25299],
292 : [12233,12319],
293 : [7970,8189],
294 : [23877,23985],
298 : [14386,14531],
299 : [10586,10629],
300 : [22189,22312],
301 : [27057,27169],
302 : [14219,14250],
303 : [15680,15704],
304 : [14949,15011],
305 : [22887,22942],
307 : [13346,13426],
308 : [3239,3263],
309 : [17749,17795],
310 : [20599,20636],
312 : [21704,21804],
313 : [26302,26346],
314 : [23687,23737],
315 : [19699,19733],
316 : [18779,18798],
317 : [19755,19795],
319 : [18859,19008],
320 : [22362,22488],
321 : [6872,6964],
323 : [24319,24519],
324 : [9224,9279],
325 : [26090,26126],
326 : [14907,14950],
329 : [25172,25198],
330 : [24649,24729],
332 : [22726,22836],
333 : [25086,25121],
334 : [24169,24199],
335 : [15615,15665],
336 : [25731,25760],
337 : [20847,20891],
338 : [23984,24152],
339 : [22085,22115],
340 : [22497,22510],
342 : [14654,14703],
343 : [22542,22727],
344 : [23853,23878],
345 : [21482,21591],
346 : [25131,25173],
347 : [26818,26872],
348 : [21668,21696],
349 : [22509,22538],
350 : [23319,23502],
351 : [24202,24218],
352 : [24739,24775],
353 : [26212,26260],
354 : [19732,19756],
355 : [24573,24607],
356 : [25201,25224],
357 : [25952,26032],
358 : [25859,25953],
359 : [22113,22186],
360 : [24831,24866],
361 : [23224,23256],
362 : [27305,27345],
363 : [26590,26654],
364 : [22967,22979],
365 : [27600,27639],
366 : [26349,26444],
367 : [24865,24998],
368 : [27638,27703],
369 : [27242,27249],
370 : [26443,26591],
371 : [26259,26294],
372 : [27869,27920],
373 : [26779,26819],
374 : [27254,27299],
377 : [27773,27860],
378 : [27720,27774],
379 : [27919,27957],
